213752
216732
221063
221595
225583
229133
230698
233222
237330
296229
299183
259711
257200
266799
268699
275001
277606
278997
283331
292559
292996
295566
300900
318999
322082
326266
326880
327299
329919
339392
339575
336723
336739
338808
350113
361633
361891
369889
365799
366926
369999
369689
379983
375223
379163
380712
386777
388599
389950
392993
399792
398699
398832
901199
902219
905369
908088
922267
926613
930979
933910
935059
990052
999630
997852
999116
963328
966958
976773
977956
981991
982922
988359
989209
989388
991928
996569
996969
997901
500877
502386
502715
507617
521955
529277
528996
529395
531766
539055
597992
550779
551595
556993
558807
559102
569962
569677
570995
575997
579937
580112
585395
586299
587393
593112
593899
599293
597525
600955
600953
610536
612636
615233
618319
622752
626632
628889
629957
633673
637656
691136
699176
699973
652218
659902
662229
666265
668010
677125
0